function [ colors ] = setColors( )
%[1 1 0]	Yellow
%[0 0 0]	Black
%[0 0 1]	Blue
%[0 1 0]	Bright green
%[0 1 1]	Cyan
%[1 0 0]	Bright red
%[1 0 1]	Pink
%[1 1 1]	White
%[0.9412 0.4706 0]	Orange
%[0.251 0 0.502]	Purple
%[0.502 0.251 0]	Brown
%[0 0.251 0]	Dark green
%[0.502 0.502 0.502]	Gray
%[0.502 0.502 1]	Light purple
%[0 0.502 0.502]	Turquoise
%[0.502 0 0]	Burgundy 
%[1 0.502 0.502]	Peach
colors=[0 0 0
    0 0 1
    0 1 0
    0 1 1
    1 0 0
    1 0 1
    240/255 120/255 0
    64/255 0 128/255
    128/255 64/255 0
    0 64/255 0
    128/255 128/255 128/255
    128/255 128/255 1
    0 128/255 128/255
    128/255 0 0
    1 128/255 128/255
    128/255 1 128/255
    0 240/255 120/255
    128/255 64/255 128/255
    1 0.3333   0
    1 0.6667   0
    1 1    0.5];

end

